1 84 E 0
1 238 S 0
3 252 E 0
3 275 S 0
4 290 E 0
4 322 S 0
5 366 E 0
0 405 A 0
2 411 E 0
1 464 N 0
1 471 I 1
3 482 N 0
3 486 I 3
4 494 N 0
4 497 I 1
0 514 s 0
0 520 F 0
0 522 A 1
5 529 S 0
1 541 V 1
1 557 B 0
4 570 V 1
4 578 B 0
0 588 i 1
0 597 F 1
2 602 S 0
0 611 A 3
3 626 V 3
3 632 B 0
0 637 i 3
1 647 E 0
1 651 S 1
0 664 F 3
4 675 E 0
3 682 E 0
4 697 S 1
3 703 S 3
0 714 A 1
1 720 N 1
1 723 I 4
4 733 N 1
4 735 I 2
0 742 s 1
0 746 F 1
0 749 A 2
4 754 V 2
4 758 B 0
0 766 i 2
0 771 F 2
0 775 A 4
1 781 V 4
1 784 B 0
0 793 i 4
4 799 E 0
4 802 S 2
0 813 F 4
1 823 E 0
1 828 D 4

